<?xml version="1.0" encoding="UTF-8" standalone="no"?>
<!-- Created with Inkscape (http://www.inkscape.org/) -->

<svg
   width="210mm"
   height="297mm"
   viewBox="0 0 210 297"
   version="1.1"
   id="svg314"
   inkscape:version="1.2.2 (732a01da63, 2022-12-09, custom)"
   sodipodi:docname="mouse"
   xmlns:inkscape="http://www.inkscape.org/namespaces/inkscape"
   xmlns:sodipodi="http://sodipodi.sourceforge.net/DTD/sodipodi-0.dtd"
   xmlns="http://www.w3.org/2000/svg"
   xmlns:svg="http://www.w3.org/2000/svg">
  <sodipodi:namedview
     id="namedview316"
     pagecolor="#ffffff"
     bordercolor="#000000"
     borderopacity="0.25"
     inkscape:showpageshadow="2"
     inkscape:pageopacity="0.0"
     inkscape:pagecheckerboard="0"
     inkscape:deskcolor="#d1d1d1"
     inkscape:document-units="mm"
     showgrid="false"
     inkscape:zoom="3.3638608"
     inkscape:cx="150.57103"
     inkscape:cy="321.80285"
     inkscape:window-width="1850"
     inkscape:window-height="1136"
     inkscape:window-x="70"
     inkscape:window-y="27"
     inkscape:window-maximized="1"
     inkscape:current-layer="layer1" />
  <defs
     id="defs311">
    <marker
       inkscape:collect="always"
       inkscape:isstock="true"
       style="overflow:visible"
       id="Arrow2Lend"
       refX="0"
       refY="0"
       orient="auto"
       inkscape:stockid="Arrow2Lend">
      <path
         transform="matrix(-1.1,0,0,-1.1,-1.1,0)"
         d="M 8.7185878,4.0337352 -2.2072895,0.01601326 8.7185884,-4.0017078 c -1.7454984,2.3720609 -1.7354408,5.6174519 -6e-7,8.035443 z"
         style="fill:#000000;fill-opacity:1;fill-rule:evenodd;stroke:#000000;stroke-width:0.625;stroke-linejoin:round;stroke-opacity:1"
         id="path5555" />
    </marker>
  </defs>
  <g
     inkscape:label="Layer 1"
     inkscape:groupmode="layer"
     id="layer1">
    <path
       inkscape:connector-curvature="0"
       style="fill:none;fill-opacity:1;fill-rule:nonzero;stroke:#050505;stroke-width:0.21374;stroke-miterlimit:4;stroke-dasharray:none;stroke-opacity:1;marker-end:url(#Arrow2Lend)"
       d="m 57.829255,96.094639 c -0.01041,-0.0095 -0.02085,-0.01906 -0.03127,-0.0286 -0.01041,-0.0095 -0.02085,-0.01906 -0.03127,-0.0286 -0.01041,-0.0095 -0.02085,-0.01906 -0.03128,-0.0286 -0.01041,-0.0095 -0.02085,-0.01906 -0.03128,-0.0286 -0.01041,-0.0095 -0.02085,-0.01906 -0.03127,-0.0286 -0.01041,-0.0095 -0.02086,-0.01907 -0.03128,-0.0286 -0.01042,-0.0095 -0.02085,-0.01907 -0.03127,-0.0286 -0.01041,-0.0095 -0.02085,-0.01907 -0.03127,-0.0286 -0.01041,-0.0095 -0.02085,-0.01907 -0.03127,-0.0286 -0.01041,-0.0095 -0.02086,-0.01907 -0.03127,-0.0286 -0.01041,-0.0095 -0.02085,-0.01906 -0.03127,-0.0286 -0.01041,-0.0095 -0.02086,-0.01907 -0.03128,-0.0286 -0.01041,-0.0095 -0.02085,-0.01906 -0.03128,-0.0286 -0.01041,-0.0095 -0.02085,-0.01906 -0.03127,-0.0286 -0.01041,-0.0095 -0.02085,-0.01906 -0.03128,-0.0286 -0.01041,-0.0095 -0.02085,-0.01906 -0.03127,-0.0286 -0.01041,-0.0095 -0.02085,-0.01906 -0.03127,-0.0286 -0.01041,-0.0095 -0.02085,-0.01906 -0.03128,-0.0286 -0.01041,-0.0095 -0.02085,-0.01907 -0.03128,-0.0286 -0.01041,-0.0095 -0.02085,-0.01906 -0.03127,-0.0286 -0.01041,-0.0095 -0.02086,-0.01907 -0.03128,-0.0286 -0.01041,-0.0095 -0.02085,-0.01906 -0.03127,-0.0286 -0.01041,-0.0095 -0.02085,-0.01906 -0.03127,-0.0286 -0.01041,-0.0095 -0.02085,-0.01906 -0.03128,-0.0286 -0.01041,-0.0095 -0.02085,-0.01906 -0.03128,-0.0286 -0.01041,-0.0095 -0.02085,-0.01906 -0.03127,-0.0286 -0.01042,-0.0095 -0.02086,-0.01907 -0.03128,-0.0286 -0.01041,-0.0095 -0.02085,-0.01907 -0.03128,-0.0286 -0.01041,-0.0095 -0.02085,-0.01906 -0.03127,-0.0286 -0.01041,-0.0095 -0.02085,-0.01906 -0.03127,-0.0286 -0.01041,-0.0095 -0.02086,-0.01907 -0.03128,-0.0286 -0.01041,-0.0095 -0.02085,-0.01906 -0.03128,-0.0286 -0.01042,-0.0095 -0.02085,-0.01906 -0.03127,-0.0286 -0.01041,-0.0095 -0.02085,-0.01906 -0.03128,-0.0286 -0.01041,-0.0095 -0.02085,-0.01907 -0.03127,-0.0286 -0.01041,-0.0095 -0.02085,-0.01907 -0.03127,-0.0286 -0.01041,-0.0095 -0.02086,-0.01907 -0.03127,-0.0286 -0.01041,-0.0095 -0.02086,-0.01907 -0.03128,-0.0286 -0.01041,-0.0095 -0.02085,-0.01906 -0.03128,-0.0286 -0.01041,-0.0095 -0.02085,-0.01907 -0.03128,-0.0286 -0.01041,-0.0095 -0.02085,-0.01906 -0.03127,-0.0286 -0.01041,-0.0095 -0.02086,-0.01907 -0.03128,-0.0286 -0.01041,-0.0095 -0.02085,-0.01907 -0.03127,-0.0286 -0.01041,-0.0095 -0.02085,-0.01906 -0.03128,-0.0286 -0.01041,-0.0095 -0.02085,-0.01906 -0.03127,-0.0286 -0.01041,-0.0095 -0.02085,-0.01906 -0.03128,-0.0286 -0.01041,-0.0095 -0.02085,-0.01906 -0.03127,-0.0286 -0.01041,-0.0095 -0.02085,-0.01906 -0.03127,-0.0286 -0.01041,-0.0095 -0.02085,-0.01907 -0.03127,-0.0286 -0.01041,-0.0095 -0.02085,-0.01906 -0.03128,-0.0286 -0.01041,-0.0095 -0.02085,-0.01906 -0.03127,-0.0286 -0.01041,-0.0095 -0.02086,-0.01907 -0.03128,-0.0286 -0.01041,-0.0095 -0.02085,-0.01906 -0.03127,-0.0286 -0.01041,-0.0095 -0.02085,-0.01906 -0.03128,-0.0286 -0.01041,-0.0095 -0.02085,-0.01906 -0.03128,-0.0286 -0.01041,-0.0095 -0.02085,-0.01907 -0.03127,-0.0286 -0.01041,-0.0095 -0.02086,-0.01907 -0.03128,-0.0286 -0.01041,-0.0095 -0.02085,-0.01906 -0.03127,-0.0286 -0.01041,-0.0095 -0.02085,-0.01907 -0.03128,-0.0286 -0.01041,-0.0095 -0.02085,-0.01906 -0.03127,-0.0286 -0.01041,-0.0095 -0.02086,-0.01907 -0.03128,-0.0286 -0.01041,-0.0095 -0.02085,-0.01906 -0.03127,-0.0286 -0.01041,-0.0095 -0.02085,-0.01907 -0.03127,-0.0286 -0.01041,-0.0095 -0.02085,-0.01907 -0.03127,-0.0286 -0.01041,-0.0095 -0.02086,-0.01907 -0.03128,-0.0286 -0.01041,-0.0095 -0.02085,-0.01906 -0.03127,-0.0286 -0.01041,-0.0095 -0.02086,-0.01907 -0.03128,-0.0286 -0.01041,-0.0095 -0.02085,-0.01906 -0.03127,-0.0286 -0.01042,-0.0095 -0.02086,-0.01907 -0.03128,-0.0286 -0.01041,-0.0095 -0.02085,-0.01906 -0.03128,-0.0286 -0.01041,-0.0095 -0.02085,-0.01907 -0.03128,-0.0286 -0.01041,-0.0095 -0.02085,-0.01907 -0.03127,-0.0286 -0.01041,-0.0095 -0.02085,-0.01906 -0.03127,-0.0286 -0.01041,-0.0095 -0.02085,-0.01906 -0.03128,-0.0286 -0.01041,-0.0095 -0.02085,-0.01906 -0.03127,-0.0286 -0.01041,-0.0095 -0.02085,-0.01906 -0.03127,-0.0286 -0.01041,-0.0095 -0.02085,-0.01906 -0.03127,-0.0286 -0.01041,-0.0095 -0.02085,-0.01906 -0.03128,-0.0286 -0.01041,-0.0095 -0.02085,-0.01907 -0.03128,-0.0286 -0.01041,-0.0095 -0.02086,-0.01907 -0.03127,-0.0286 -0.01041,-0.0095 -0.02085,-0.01906 -0.03127,-0.0286 -0.01041,-0.0095 -0.02086,-0.01907 -0.03128,-0.0286 -0.01041,-0.0095 -0.02085,-0.01906 -0.03127,-0.0286 -0.01041,-0.0095 -0.02086,-0.01907 -0.03128,-0.0286 -0.01041,-0.0095 -0.02085,-0.01906 -0.03127,-0.0286 -0.01041,-0.0095 -0.02085,-0.01906 -0.03128,-0.0286 -0.01041,-0.0095 -0.02085,-0.01907 -0.03127,-0.0286 -0.01041,-0.0095 -0.02086,-0.01907 -0.03128,-0.0286 -0.01041,-0.0095 -0.02085,-0.01906 -0.03128,-0.0286 -0.01043,-0.0095 -0.02085,-0.01906 -0.03127,-0.0286 -0.01041,-0.0095 -0.02085,-0.01907 -0.03127,-0.0286 -0.01041,-0.0095 -0.02086,-0.01907 -0.03127,-0.0286 -0.01041,-0.0095 -0.02085,-0.01907 -0.03128,-0.0286 -0.01041,-0.0095 -0.02085,-0.01906 -0.03127,-0.0286 -0.01041,-0.0095 -0.02085,-0.01906 -0.03127,-0.0286 -0.01041,-0.0095 -0.02086,-0.01907 -0.03127,-0.0286 -0.01041,-0.0095 -0.02086,-0.01907 -0.03128,-0.0286 -0.01041,-0.0095 -0.02085,-0.01906 -0.03127,-0.0286 -0.01041,-0.0095 -0.02085,-0.01906 -0.03127,-0.0286 -0.01041,-0.0095 -0.02085,-0.01906 -0.03128,-0.0286 -0.01041,-0.0095 -0.02085,-0.01907 -0.03128,-0.0286 -0.01041,-0.0095 -0.02085,-0.01906 -0.03127,-0.0286 -0.01041,-0.0095 -0.02085,-0.01906 -0.03127,-0.0286 -0.01041,-0.0095 -0.02085,-0.01906 -0.03127,-0.0286 -0.01041,-0.0095 -0.02086,-0.01907 -0.03128,-0.0286 -0.01041,-0.0095 -0.02085,-0.01906 -0.03127,-0.0286 -0.01041,-0.0095 -0.02086,-0.01907 -0.03127,-0.0286 -0.01041,-0.0095 -0.02085,-0.01906 -0.03128,-0.0286 -0.01041,-0.0095 -0.02086,-0.01907 -0.03128,-0.0286 -0.01042,-0.0095 -0.02085,-0.01907 -0.03127,-0.0286 -0.01041,-0.0095 -0.02086,-0.01907 -0.03128,-0.0286 -0.01041,-0.0095 -0.02085,-0.01906 -0.03128,-0.0286 -0.01041,-0.0095 -0.02085,-0.01907 -0.03127,-0.0286 -0.01041,-0.0095 -0.02085,-0.01906 -0.03127,-0.0286 -0.01041,-0.0095 -0.02085,-0.01906 -0.03128,-0.0286 -0.01042,-0.0095 -0.02085,-0.01906 -0.03127,-0.0286 -0.01041,-0.0095 -0.02085,-0.01907 -0.03128,-0.0286 -0.01041,-0.0095 -0.02085,-0.01906 -0.03127,-0.0286 -0.01041,-0.0095 -0.02085,-0.01906 -0.03127,-0.0286 -0.01041,-0.0095 -0.02085,-0.01906 -0.03128,-0.0286 -0.0104,-0.0095 -0.02084,-0.01907 -0.03126,-0.02861 -0.01041,-0.0095 -0.02086,-0.01907 -0.03128,-0.0286 -0.01041,-0.0095 -0.02085,-0.01907 -0.03127,-0.0286 -0.01042,-0.0095 -0.02087,-0.01906 -0.03128,-0.0286 -0.01041,-0.0095 -0.02085,-0.01906 -0.03127,-0.0286 -0.01041,-0.0095 -0.02085,-0.01906 -0.03128,-0.0286 -0.01041,-0.0095 -0.02085,-0.01906 -0.03127,-0.0286 -0.01042,-0.0095 -0.02086,-0.01906 -0.03128,-0.0286 -0.01041,-0.0095 -0.02085,-0.01906 -0.03128,-0.0286 -0.01041,-0.0095 -0.02085,-0.01906 -0.03127,-0.0286 -0.01041,-0.0095 -0.02086,-0.01906 -0.03127,-0.02859 -0.01041,-0.0095 -0.02085,-0.01906 -0.03128,-0.02859 -0.01041,-0.0095 -0.02086,-0.01907 -0.03128,-0.0286 -0.01041,-0.0095 -0.02085,-0.01906 -0.03127,-0.0286 -0.01041,-0.0095 -0.02085,-0.01906 -0.03128,-0.0286 -0.01041,-0.0095 -0.02085,-0.01907 -0.03128,-0.0286 -0.0104,-0.0095 -0.02085,-0.01907 -0.03126,-0.02861 -0.01041,-0.0095 -0.02085,-0.01908 -0.03127,-0.0286 -0.0104,-0.0095 -0.02085,-0.01908 -0.03126,-0.02863 -0.0104,-0.0095 -0.02085,-0.01907 -0.03126,-0.02863 -0.01041,-0.0095 -0.02084,-0.01908 -0.03126,-0.02862 -0.0104,-0.0095 -0.02084,-0.01908 -0.03125,-0.02863 -0.01041,-0.0095 -0.02084,-0.01908 -0.03126,-0.02863 -0.0104,-0.0095 -0.02084,-0.01908 -0.03125,-0.02863 -0.0104,-0.0095 -0.02085,-0.01909 -0.03126,-0.02862 -0.0104,-0.0095 -0.02084,-0.01908 -0.03127,-0.02861 -0.0104,-0.0095 -0.02085,-0.01907 -0.03127,-0.02861 -0.01041,-0.0095 -0.02086,-0.01906 -0.03129,-0.02859 -0.01042,-0.0095 -0.02087,-0.01905 -0.03129,-0.02858 -0.01042,-0.0095 -0.02087,-0.01904 -0.03132,-0.02855 -0.01042,-0.0095 -0.02088,-0.01902 -0.03132,-0.02854 -0.01045,-0.0095 -0.0209,-0.01901 -0.03136,-0.02851 -0.01043,-0.0095 -0.0209,-0.01901 -0.03135,-0.0285 -0.01044,-0.0095 -0.02089,-0.01901 -0.03136,-0.02851 -0.01044,-0.0095 -0.0209,-0.01901 -0.03136,-0.02851 -0.01045,-0.0095 -0.0209,-0.01901 -0.03136,-0.02851 -0.01044,-0.0095 -0.02089,-0.01901 -0.03135,-0.02851 -0.01043,-0.0095 -0.02089,-0.01901 -0.03132,-0.02854 -0.01042,-0.0095 -0.02087,-0.01904 -0.03131,-0.02856 -0.01041,-0.0095 -0.02085,-0.01908 -0.03126,-0.02863 -0.0104,-0.0095 -0.02081,-0.01911 -0.0312,-0.02869 -0.01037,-0.0096 -0.02078,-0.01917 -0.03115,-0.02876 -0.01037,-0.0096 -0.02073,-0.01921 -0.03098,-0.02897 -0.01034,-0.0096 -0.02055,-0.01946 -0.03097,-0.02898 -0.01035,-0.0096 -0.02056,-0.01945 -0.03098,-0.02898 -0.0103,-0.0097 -0.02055,-0.01944 -0.03083,-0.02917 -0.0103,-0.0097 -0.02056,-0.01944 -0.03084,-0.02916 -0.01029,-0.0097 -0.02055,-0.01945 -0.03083,-0.02916 -0.0103,-0.0097 -0.02055,-0.01944 -0.03083,-0.02917 -0.0103,-0.0097 -0.02056,-0.01944 -0.03098,-0.02898 -0.01034,-0.0096 -0.02055,-0.01945 -0.03097,-0.02898 -0.01037,-0.0096 -0.0208,-0.01912 -0.03126,-0.02861 -0.01044,-0.0095 -0.02092,-0.01897 -0.03158,-0.02824 -0.01053,-0.0094 -0.02114,-0.01868 -0.03172,-0.02803 -0.0107,-0.0091 -0.02129,-0.01851 -0.03233,-0.02727 -0.0107,-0.0091 -0.02139,-0.01841 -0.03232,-0.02726 -0.01085,-0.0089 -0.02191,-0.01774 -0.03285,-0.02659 -0.01085,-0.0089 -0.02191,-0.01775 -0.03284,-0.02659 -0.01092,-0.0088 -0.02191,-0.01775 -0.03337,-0.02593 -0.01092,-0.0088 -0.02244,-0.01708 -0.03337,-0.02593 -0.01092,-0.0088 -0.02191,-0.01774 -0.03285,-0.02659 -0.01092,-0.0088 -0.02191,-0.01774 -0.03285,-0.02659 -0.01085,-0.0089 -0.02191,-0.01775 -0.03232,-0.02725 -0.01069,-0.0091 -0.02115,-0.0187 -0.03156,-0.02821 -0.0104,-0.0095 -0.02074,-0.01922 -0.03082,-0.02914 -0.01011,-0.0099 -0.02034,-0.01974 -0.02968,-0.03058 -0.0099,-0.01018 -0.01928,-0.02107 -0.02862,-0.03191 -0.0093,-0.01084 -0.01875,-0.02174 -0.02757,-0.03325 -0.0088,-0.01151 -0.0177,-0.02307 -0.02651,-0.03458 -0.0088,-0.01151 -0.01718,-0.02374 -0.02567,-0.03564 -0.0083,-0.01217 -0.01665,-0.0244 -0.02499,-0.03651 -0.0083,-0.01217 -0.01665,-0.0244 -0.02473,-0.03684 -0.0083,-0.01217 -0.01665,-0.0244 -0.02488,-0.03664 -0.0083,-0.01217 -0.01718,-0.02374 -0.02562,-0.03571 -0.0088,-0.01151 -0.0177,-0.02307 -0.02704,-0.03391 -0.0093,-0.01084 -0.01875,-0.02174 -0.02915,-0.03125 -0.01011,-0.0099 -0.02056,-0.01945 -0.03156,-0.02821 -0.01085,-0.0089 -0.02244,-0.01708 -0.03442,-0.02459 -0.01198,-0.0075 -0.02455,-0.01442 -0.03779,-0.02034 -0.01304,-0.0062 -0.02692,-0.01143 -0.04121,-0.01601 -0.01408,-0.0049 -0.02923,-0.0085 -0.04458,-0.01175 -0.01514,-0.0035 -0.03129,-0.006 -0.04753,-0.008 -0.01624,-0.0021 -0.03292,-0.0039 -0.04974,-0.0053 -0.01682,-0.0014 -0.03392,-0.0025 -0.05095,-0.0037 -0.01703,-0.0011 -0.03407,-0.0023 -0.05079,-0.004 -0.01672,-0.0015 -0.03324,-0.0035 -0.04917,-0.006 -0.01587,-0.0026 -0.03129,-0.006 -0.0458,-0.01022 -0.01461,-0.0042 -0.02823,-0.0098 -0.04074,-0.0166 -0.01251,-0.0068 -0.02403,-0.01508 -0.03389,-0.02526 -0.01011,-0.0099 -0.01876,-0.02174 -0.02599,-0.03524 -0.0072,-0.01351 -0.01296,-0.02906 -0.01704,-0.04655 -0.004,-0.0175 -0.0066,-0.03704 -0.0076,-0.05853 -9.25e-4,-0.02149 -3.74e-4,-0.04496 0.0017,-0.07023 0.002,-0.02521 0.0055,-0.05228 0.01,-0.08069 0.0045,-0.02841 0.01015,-0.05827 0.01646,-0.08887 0.0063,-0.03067 0.01327,-0.06219 0.02045,-0.09393 0.0071,-0.03167 0.01437,-0.06359 0.02113,-0.09479 0.0067,-0.0312 0.01295,-0.06179 0.01803,-0.09087 0.005,-0.02901 0.0088,-0.05654 0.01071,-0.08162 0.0019,-0.02508 0.0018,-0.04775 -8.13e-4,-0.06705 -0.0026,-0.01936 -0.008,-0.03538 -0.01641,-0.04735 -0.0083,-0.01217 -0.02034,-0.01974 -0.03548,-0.02326 -0.01514,-0.0035 -0.03418,-0.0022 -0.05685,0.0038 -0.02266,0.006 -0.0493,0.01685 -0.0796,0.0325 -0.03031,0.01564 -0.06446,0.03602 -0.102016,0.06081 -0.03757,0.02481 -0.07861,0.05388 -0.122414,0.08658 -0.04379,0.03267 -0.09049,0.06889 -0.138971,0.1075 -0.04848,0.0386 -0.0989,0.07952 -0.149924,0.121339 -0.051,0.0418 -0.102767,0.0844 -0.153706,0.126116 -0.05094,0.04172 -0.101182,0.0824 -0.149071,0.120261 -0.04789,0.03786 -0.09355,0.07275 -0.135273,0.102829 -0.04173,0.03008 -0.07964,0.05518 -0.112139,0.0736 -0.03252,0.01843 -0.05968,0.02996 -0.08018,0.03322 -0.02051,0.0032 -0.03439,-0.002 -0.04068,-0.01668 -0.0061,-0.01483 -0.005,-0.03911 0.0044,-0.07363 0.0094,-0.03453 0.02685,-0.07936 0.05243,-0.134334 0.02557,-0.05496 0.05917,-0.120186 0.100262,-0.194756 0.04111,-0.07458 0.08958,-0.158617 0.144346,-0.250453 0.05475,-0.09183 0.11568,-0.191586 0.181042,-0.296816 0.06535,-0.10523 0.135049,-0.216057 0.206836,-0.329405 0.07178,-0.113333 0.145528,-0.229299 0.218616,-0.344289 0.0731,-0.114997 0.145382,-0.229113 0.214009,-0.338467 0.06863,-0.109362 0.133442,-0.21403 0.191553,-0.310097 0.05811,-0.09606 0.109328,-0.183562 0.150965,-0.258817 0.04164,-0.07525 0.07349,-0.138284 0.09329,-0.185939 0.01977,-0.04764 0.02732,-0.07996 0.02088,-0.09446 -0.0061,-0.01483 -0.02697,-0.01136 -0.06249,0.01087 -0.03553,0.02223 -0.08623,0.06351 -0.151968,0.123921 -0.06574,0.06041 -0.146741,0.139965 -0.241764,0.237372 -0.09502,0.09741 -0.204285,0.212669 -0.325471,0.343131 -0.121186,0.130463 -0.25449,0.276098 -0.396572,0.432962 -0.142083,0.156865 -0.293106,0.324889 -0.44885,0.499014 -0.155748,0.17413 -0.316347,0.354252 -0.476909,0.534463 -0.160568,0.180218 -0.321197,0.36038 -0.476624,0.534104 -0.155428,0.173724 -0.305724,0.34083 -0.445576,0.494876 -0.139851,0.154044 -0.269296,0.294808 -0.383357,0.416267 -0.114062,0.121461 -0.212748,0.22336 -0.291786,0.300573 -0.07904,0.07722 -0.138421,0.129453 -0.174934,0.152936 -0.03651,0.02349 -0.05013,0.01791 -0.03902,-0.01879 0.01111,-0.0367 0.04701,-0.104833 0.107931,-0.204446 0.06092,-0.09961 0.146885,-0.231011 0.256436,-0.39207 0.109549,-0.161058 0.242693,-0.352062 0.396237,-0.568703 0.153544,-0.216642 0.32747,-0.45917 0.516974,-0.721246 0.189504,-0.262076 0.394531,-0.543897 0.608908,-0.837397 0.214377,-0.293501 0.438003,-0.598822 0.663687,-0.906608 0.22569,-0.307793 0.453292,-0.618138 0.675063,-0.920981 0.221772,-0.302843 0.437508,-0.598197 0.639437,-0.875969 0.201921,-0.277765 0.389789,-0.537908 0.556338,-0.77098 0.166549,-0.233073 0.311481,-0.438968 0.428626,-0.609624 0.117141,-0.170648 0.206166,-0.305908 0.262464,-0.399687 0.0563,-0.09379 0.07954,-0.145923 0.06711,-0.152871 -0.01251,-0.0068 -0.06089,0.03149 -0.145648,0.115936 -0.08476,0.08445 -0.206191,0.215078 -0.362119,0.389434 -0.155928,0.174357 -0.346685,0.392584 -0.567669,0.649133 -0.220982,0.256549 -0.472487,0.551526 -0.747671,0.876554 -0.275183,0.325028 -0.574284,0.68014 -0.88859,1.054598 -0.314307,0.374459 -0.643996,0.768215 -0.978998,1.168822 -0.334993,0.400593 -0.675408,0.807904 -1.010444,1.208551 -0.335034,0.400646 -0.664732,0.794415 -0.978279,1.167913 -0.313546,0.373499 -0.610921,0.726429 -0.882043,1.046324 -0.271121,0.319897 -0.515912,0.606393 -0.725742,0.84885 -0.209829,0.242457 -0.384575,0.440455 -0.517705,0.586007 -0.133127,0.14555 -0.224484,0.23819 -0.270151,0.273237 -0.04566,0.03505 -0.04547,0.01202 0.0015,-0.07001 0.047,-0.08204 0.140979,-0.223551 0.27977,-0.421554 0.13879,-0.198001 0.322526,-0.452923 0.546004,-0.757923 0.223475,-0.304996 0.48678,-0.660449 0.781941,-1.056013 0.295159,-0.395565 0.622203,-0.831547 0.970875,-1.294722 0.348674,-0.463176 0.718927,-0.953752 1.098899,-1.45647 0.379965,-0.502712 0.769526,-1.017682 1.155964,-1.528572 0.386433,-0.510881 0.76955,-1.017708 1.136666,-1.504184 0.367115,-0.486477 0.717954,-0.952524 1.040743,-1.382996 0.322789,-0.430473 0.617194,-0.825219 0.873181,-1.171291 0.255981,-0.346064 0.473156,-0.643234 0.643955,-0.881676 0.170798,-0.238443 0.294791,-0.417884 0.367441,-0.532322 0.07266,-0.114445 0.09352,-0.163595 0.06145,-0.145725 -0.0321,0.0179 -0.117518,0.103044 -0.253982,0.252808 -0.136463,0.149765 -0.324356,0.364372 -0.557936,0.636837 -0.233574,0.272457 -0.5132,0.602965 -0.830098,0.980696 -0.316898,0.377732 -0.671364,0.802795 -1.052168,1.261267 -0.380805,0.458474 -0.788171,0.950372 -1.209146,1.4596 -0.420976,0.509227 -0.855701,1.035691 -1.290384,1.562238 -0.434689,0.526554 -0.869388,1.052984 -1.290386,1.56224 -0.421003,0.509263 -0.828286,1.001056 -1.209144,1.459599 -0.380857,0.458538 -0.735199,0.883444 -1.05217,1.26127 -0.316971,0.377824 -0.596431,0.70812 -0.830101,0.980698 -0.233668,0.272575 -0.421369,0.486941 -0.557935,0.636836 -0.136566,0.149893 -0.221803,0.234802 -0.253978,0.252803 -0.03217,0.01801 -0.0111,-0.03141 0.06144,-0.14572 0.07255,-0.114312 0.196739,-0.294 0.367446,-0.532325 0.170705,-0.238325 0.388047,-0.535707 0.643954,-0.881677 0.25591,-0.345975 0.550442,-0.740883 0.87318,-1.171289 0.322734,-0.430404 0.673659,-0.896559 1.040742,-1.382994 0.367084,-0.486438 0.750235,-0.993308 1.136663,-1.504183 0.386432,-0.510882 0.775978,-1.025833 1.155965,-1.528571 0.379992,-0.502745 0.750184,-0.993243 1.0989,-1.456472 0.348715,-0.463229 0.67565,-0.899074 0.970876,-1.294721 0.295225,-0.395649 0.558386,-0.750919 0.781942,-1.056017 0.223556,-0.305099 0.407122,-0.559805 0.546007,-0.757927 0.138875,-0.198107 0.23267,-0.339396 0.279769,-0.421551 0.04709,-0.08214 0.0471,-0.104942 0.0014,-0.06997 -0.04557,0.03493 -0.137102,0.12779 -0.270148,0.273235 -0.133046,0.145446 -0.307942,0.343633 -0.517707,0.58601 -0.20976,0.24237 -0.454671,0.529016 -0.725742,0.848848 -0.27107,0.319831 -0.568529,0.672868 -0.88204,1.046321 -0.313517,0.37346 -0.643257,0.767284 -0.978282,1.167918 -0.335023,0.400632 -0.67544,0.807942 -1.010449,1.208557 -0.335008,0.400613 -0.664654,0.794316 -0.978992,1.168814 -0.314333,0.374492 -0.613357,0.729506 -0.888589,1.054596 -0.275231,0.325089 -0.526625,0.619925 -0.74767,0.876554 -0.221046,0.256628 -0.411669,0.474685 -0.567667,0.64913 -0.155999,0.174445 -0.277283,0.304897 -0.362118,0.389432 -0.08484,0.08453 -0.133146,0.12279 -0.145649,0.115938 -0.01251,-0.0068 0.01087,-0.05917 0.0671,-0.152867 0.05624,-0.0937 0.145381,-0.22911 0.262467,-0.399691 0.117025,-0.170636 0.262124,-0.376609 0.428628,-0.609624 0.166502,-0.233014 0.354441,-0.493248 0.556338,-0.77098 0.201897,-0.277734 0.417678,-0.573143 0.639437,-0.87597 0.221755,-0.302823 0.449363,-0.613173 0.675052,-0.920967 0.225694,-0.307799 0.449301,-0.613094 0.663693,-0.906614 0.214393,-0.293522 0.419371,-0.575282 0.608907,-0.837398 0.189475,-0.262173 0.363391,-0.504554 0.516973,-0.721245 0.153589,-0.216699 0.286646,-0.40759 0.396245,-0.56871 0.109593,-0.161114 0.195464,-0.292389 0.256433,-0.39207 0.06097,-0.09967 0.09676,-0.167679 0.10793,-0.204443 0.01119,-0.03679 -0.0025,-0.04223 -0.039,-0.01881 -0.03647,0.02343 -0.09593,0.07577 -0.174933,0.152937 -0.079,0.07716 -0.177754,0.179148 -0.291788,0.300575 -0.11403,0.12142 -0.243525,0.262245 -0.383354,0.416261 -0.139833,0.154023 -0.290157,0.321163 -0.445574,0.494875 -0.155423,0.173717 -0.316062,0.353892 -0.476624,0.534104 -0.160568,0.180218 -0.321162,0.360334 -0.47691,0.534464 -0.155753,0.174136 -0.306756,0.342135 -0.448856,0.49902 -0.142159,0.156827 -0.275358,0.302466 -0.39657,0.432962 -0.121214,0.130496 -0.230422,0.245691 -0.325472,0.343131 -0.09505,0.09744 -0.175984,0.176913 -0.241758,0.237365 -0.06577,0.06044 -0.116416,0.101653 -0.151967,0.12392 -0.03554,0.02227 -0.05605,0.02537 -0.06248,0.01086 -0.0064,-0.0145 0.0012,-0.04686 0.0209,-0.09449 0.01976,-0.04762 0.05167,-0.110716 0.09329,-0.185945 0.04164,-0.07525 0.09287,-0.162768 0.15096,-0.25881 0.05809,-0.09605 0.122931,-0.200748 0.191553,-0.310095 0.06862,-0.109349 0.140922,-0.223478 0.214009,-0.338468 0.07309,-0.114991 0.146835,-0.23095 0.218622,-0.344296 0.07178,-0.113347 0.141463,-0.224163 0.20683,-0.329399 0.06531,-0.1053 0.126275,-0.204973 0.181042,-0.296815 0.05477,-0.09185 0.103247,-0.175877 0.144346,-0.250454 0.04111,-0.07458 0.07468,-0.139788 0.100263,-0.194755 0.02556,-0.05496 0.04302,-0.09979 0.05243,-0.134334 0.0094,-0.03453 0.01069,-0.05893 0.0044,-0.07363 -0.0061,-0.01484 -0.02034,-0.01974 -0.04068,-0.01668 -0.02051,0.0032 -0.04772,0.01486 -0.08018,0.03322 -0.03247,0.01837 -0.07042,0.04353 -0.112139,0.0736 -0.04173,0.03008 -0.08738,0.06497 -0.135273,0.102828 -0.04789,0.03786 -0.09814,0.07856 -0.149076,0.120268 -0.05094,0.04172 -0.102683,0.0843 -0.153707,0.126117 -0.051,0.0418 -0.101434,0.08272 -0.149924,0.121339 -0.04848,0.0386 -0.09516,0.0748 -0.13897,0.1075 -0.04379,0.03267 -0.08486,0.06178 -0.122408,0.08657 -0.03757,0.02481 -0.07168,0.04513 -0.102017,0.06081 -0.03031,0.01564 -0.05688,0.02644 -0.0796,0.03249 -0.02266,0.006 -0.04161,0.0072 -0.05685,0.0038 -0.01514,-0.0035 -0.02692,-0.01143 -0.03548,-0.02326 -0.0083,-0.01217 -0.01375,-0.02806 -0.01641,-0.04735 -0.0027,-0.01929 -0.0028,-0.04197 -8.13e-4,-0.06705 0.0019,-0.02508 0.0057,-0.0526 0.01071,-0.08162 0.005,-0.02901 0.01127,-0.05967 0.01803,-0.09086 0.0067,-0.03121 0.01401,-0.06313 0.02114,-0.09479 0.0071,-0.03167 0.01411,-0.06326 0.02045,-0.09393 0.0063,-0.03067 0.01195,-0.06053 0.01646,-0.08887 0.0045,-0.02841 0.0079,-0.0554 0.01,-0.08069 0.002,-0.02521 0.0026,-0.04876 0.0017,-0.07023 -9.25e-4,-0.02149 -0.0035,-0.04103 -0.0076,-0.05853 -0.004,-0.0175 -0.0098,-0.03305 -0.01704,-0.04655 -0.0072,-0.01351 -0.01612,-0.02506 -0.02599,-0.03524 -0.01011,-0.0099 -0.02139,-0.01841 -0.03389,-0.02526 -0.01251,-0.0068 -0.02624,-0.01229 -0.04074,-0.0166 -0.01461,-0.0042 -0.02991,-0.0076 -0.04579,-0.01022 -0.01587,-0.0026 -0.03244,-0.0045 -0.04917,-0.006 -0.01672,-0.0015 -0.03381,-0.0027 -0.05079,-0.004 -0.01703,-0.0011 -0.03407,-0.0023 -0.0509,-0.0038 -0.01682,-0.0014 -0.0335,-0.0031 -0.04974,-0.0053 -0.01624,-0.0021 -0.03218,-0.0048 -0.04753,-0.008 -0.01514,-0.0035 -0.03029,-0.0072 -0.04459,-0.01175 -0.01408,-0.0049 -0.02808,-0.01 -0.04121,-0.01601 -0.01304,-0.0062 -0.0256,-0.01308 -0.03774,-0.02041 -0.01198,-0.0075 -0.0235,-0.01575 -0.03442,-0.02459 -0.01085,-0.0089 -0.02139,-0.01842 -0.03156,-0.02821 -0.01011,-0.0099 -0.01981,-0.02041 -0.02915,-0.03125 -0.0093,-0.01084 -0.01823,-0.02241 -0.02705,-0.03391 -0.0088,-0.01151 -0.01718,-0.02374 -0.02562,-0.03571 -0.0083,-0.01217 -0.01665,-0.0244 -0.02488,-0.03664 -0.0083,-0.01217 -0.01665,-0.0244 -0.02473,-0.03684 -0.0083,-0.01217 -0.01665,-0.0244 -0.02499,-0.03651 -0.0083,-0.01217 -0.01718,-0.02374 -0.02567,-0.03565 -0.0088,-0.01151 -0.0177,-0.02307 -0.02651,-0.03458 -0.0088,-0.01151 -0.01823,-0.02241 -0.02757,-0.03324 -0.0093,-0.01084 -0.01875,-0.02173 -0.02863,-0.03191 -0.0099,-0.01018 -0.01981,-0.02041 -0.02968,-0.03059 -0.01011,-0.0099 -0.02041,-0.01965 -0.03081,-0.02915 -0.0104,-0.0095 -0.02098,-0.01892 -0.03156,-0.0282 -0.01069,-0.0091 -0.02139,-0.01842 -0.03232,-0.02726 -0.01085,-0.0089 -0.02191,-0.01774 -0.03285,-0.02659 -0.01092,-0.0088 -0.02191,-0.01775 -0.03285,-0.02659 -0.01092,-0.0088 -0.02191,-0.01774 -0.03337,-0.02593 -0.01092,-0.0088 -0.02191,-0.01774 -0.03337,-0.02593 -0.01092,-0.0088 -0.02191,-0.01774 -0.03285,-0.02659 -0.01085,-0.0089 -0.02191,-0.01775 -0.03284,-0.02659 -0.01085,-0.0089 -0.02191,-0.01775 -0.03232,-0.02726 -0.01069,-0.0091 -0.02138,-0.01841 -0.03232,-0.02725 -0.0107,-0.0091 -0.02116,-0.0187 -0.0317,-0.02802 -0.01052,-0.0094 -0.02115,-0.01871 -0.03156,-0.02821 -0.01043,-0.0095 -0.02088,-0.01904 -0.03124,-0.02861 -0.01036,-0.0096 -0.02079,-0.01917 -0.03096,-0.02896 -0.01032,-0.0096 -0.02056,-0.01946 -0.03095,-0.02897 -0.01028,-0.0097 -0.02056,-0.01945 -0.03082,-0.02914 -0.01028,-0.0097 -0.02056,-0.01946 -0.03081,-0.02915 -0.01028,-0.0097 -0.02057,-0.01945 -0.03081,-0.02915 -0.01028,-0.0097 -0.02057,-0.01945 -0.03082,-0.02914 -0.01028,-0.0097 -0.02056,-0.01946 -0.03095,-0.02897 -0.01033,-0.0096 -0.02057,-0.01945 -0.03096,-0.02896 -0.01033,-0.0096 -0.02056,-0.01946 -0.03095,-0.02897 -0.01036,-0.0096 -0.02079,-0.01917 -0.03114,-0.02873 -0.01037,-0.0096 -0.02081,-0.01914 -0.03118,-0.02868 -0.01038,-0.0095 -0.02084,-0.0191 -0.03124,-0.02862 -0.0104,-0.0095 -0.02088,-0.01905 -0.03129,-0.02855 -0.01041,-0.0095 -0.02089,-0.01903 -0.03131,-0.02853 -0.01042,-0.0095 -0.02091,-0.01902 -0.03133,-0.0285 -0.01042,-0.0095 -0.0209,-0.01902 -0.03133,-0.0285 -0.01043,-0.0095 -0.02093,-0.01898 -0.03133,-0.0285 -0.01042,-0.0095 -0.02091,-0.01902 -0.03133,-0.0285 -0.01042,-0.0095 -0.02091,-0.01902 -0.03133,-0.0285 -0.01042,-0.0095 -0.02091,-0.01902 -0.03133,-0.0285 -0.01042,-0.0095 -0.02091,-0.01903 -0.03131,-0.02852 -0.01042,-0.0095 -0.02089,-0.01904 -0.0313,-0.02854 -0.01041,-0.0095 -0.02087,-0.01905 -0.03128,-0.02856 -0.0104,-0.0095 -0.02087,-0.01907 -0.03127,-0.02858 -0.0104,-0.0095 -0.02087,-0.01908 -0.03126,-0.02859 -0.0104,-0.0095 -0.02086,-0.01908 -0.03125,-0.0286 -0.01039,-0.0095 -0.02086,-0.01908 -0.03124,-0.02861 -0.01039,-0.0095 -0.02085,-0.01909 -0.03124,-0.02861 -0.01039,-0.0095 -0.02085,-0.01909 -0.03124,-0.02861 -0.01038,-0.0095 -0.02085,-0.0191 -0.03124,-0.02861 -0.01038,-0.0095 -0.02085,-0.0191 -0.03124,-0.02861 -0.01039,-0.0095 -0.02085,-0.01909 -0.03124,-0.02861 -0.01039,-0.0095 -0.02086,-0.01909 -0.03125,-0.0286 -0.01039,-0.0095 -0.02086,-0.01908 -0.03125,-0.0286 -0.0104,-0.0095 -0.02087,-0.01908 -0.03126,-0.02859 -0.0104,-0.0095 -0.02087,-0.01908 -0.03126,-0.02858 -0.0104,-0.0095 -0.02087,-0.01908 -0.03126,-0.02858 -0.0104,-0.0095 -0.02087,-0.01908 -0.03126,-0.02858 -0.0104,-0.0095 -0.02087,-0.01908 -0.03126,-0.02858 -0.0104,-0.0095 -0.02087,-0.01907 -0.03126,-0.02858 -0.0104,-0.0095 -0.02087,-0.01908 -0.03127,-0.02858 -0.0104,-0.0095 -0.02086,-0.01908 -0.03126,-0.02858 -0.0104,-0.0095 -0.02087,-0.01907 -0.03126,-0.02858 -0.01039,-0.0095 -0.02086,-0.01908 -0.03126,-0.02858 -0.0104,-0.0095 -0.02087,-0.01907 -0.03126,-0.02858 -0.0104,-0.0095 -0.02087,-0.01908 -0.03126,-0.02858 -0.01039,-0.0095 -0.02087,-0.01908 -0.03126,-0.02858 -0.0104,-0.0095 -0.02087,-0.01908 -0.03126,-0.02858 -0.01039,-0.0095 -0.02087,-0.01908 -0.03126,-0.02858 -0.0104,-0.0095 -0.02087,-0.01908 -0.03126,-0.02858 -0.0104,-0.0095 -0.02087,-0.01908 -0.03126,-0.02858 -0.0104,-0.0095 -0.02087,-0.01908 -0.03126,-0.02858 -0.0104,-0.0095 -0.02087,-0.01908 -0.03126,-0.02858 -0.0104,-0.0095 -0.02086,-0.01908 -0.03126,-0.02858 -0.0104,-0.0095 -0.02087,-0.01908 -0.03126,-0.02858 -0.0104,-0.0095 -0.02087,-0.01908 -0.03126,-0.02858 -0.0104,-0.0095 -0.02087,-0.01908 -0.03126,-0.02858 -0.0104,-0.0095 -0.02087,-0.01908 -0.03126,-0.02858 -0.0104,-0.0095 -0.02087,-0.01908 -0.03126,-0.02858 -0.01039,-0.0095 -0.02087,-0.01908 -0.03126,-0.02858 -0.01039,-0.0095 -0.02087,-0.01908 -0.03126,-0.02858 -0.01039,-0.0095 -0.02087,-0.01908 -0.03126,-0.02858 -0.0104,-0.0095 -0.02087,-0.01908 -0.03126,-0.02858 -0.0104,-0.0095 -0.02087,-0.01908 -0.03126,-0.02858 -0.0104,-0.0095 -0.02087,-0.01908 -0.03126,-0.02858 -0.0104,-0.0095 -0.02086,-0.01908 -0.03126,-0.02858 -0.0104,-0.0095 -0.02087,-0.01908 -0.03126,-0.02858 -0.0104,-0.0095 -0.02087,-0.01908 -0.03126,-0.02858 -0.0104,-0.0095 -0.02087,-0.01908 -0.03126,-0.02858 -0.01041,-0.0095 -0.02087,-0.01908 -0.03126,-0.02858 -0.0104,-0.0095 -0.02087,-0.01908 -0.03126,-0.02858 -0.0104,-0.0095 -0.02087,-0.01908 -0.03126,-0.02858 -0.0104,-0.0095 -0.02087,-0.01908 -0.03126,-0.02858 -0.0104,-0.0095 -0.02087,-0.01908 -0.03126,-0.02858 -0.01039,-0.0095 -0.02086,-0.01908 -0.03126,-0.02858 -0.01039,-0.0095 -0.02087,-0.01908 -0.03126,-0.02858 -0.0104,-0.0095 -0.02087,-0.01908 -0.03126,-0.02858 -0.0104,-0.0095 -0.02087,-0.01908 -0.03126,-0.02858 -0.0104,-0.0095 -0.02087,-0.01908 -0.03126,-0.02858 -0.0104,-0.0095 -0.02087,-0.01908 -0.03126,-0.02858 -0.0104,-0.0095 -0.02087,-0.01908 -0.03126,-0.02858 -0.0104,-0.0095 -0.02087,-0.01908 -0.03126,-0.02858 -0.0104,-0.0095 -0.02086,-0.01908 -0.03126,-0.02858 -0.0104,-0.0095 -0.02087,-0.01908 -0.03126,-0.02858 -0.0104,-0.0095 -0.02087,-0.01908 -0.03126,-0.02858 -0.0104,-0.0095 -0.02087,-0.01908 -0.03126,-0.02858 -0.01041,-0.0095 -0.02087,-0.01908 -0.03126,-0.02858 -0.01039,-0.0095 -0.02087,-0.01908 -0.03126,-0.02858 -0.01039,-0.0095 -0.02087,-0.01908 -0.03126,-0.02858 -0.0104,-0.0095 -0.02087,-0.01908 -0.03126,-0.02858 -0.0104,-0.0095 -0.02087,-0.01908 -0.03126,-0.02858 -0.0104,-0.0095 -0.02087,-0.01908 -0.03126,-0.02858 -0.0104,-0.0095 -0.02087,-0.01908 -0.03126,-0.02858 -0.01039,-0.0095 -0.02087,-0.01908 -0.03126,-0.02858 -0.0104,-0.0095 -0.02087,-0.01908 -0.03126,-0.02858 -0.0104,-0.0095 -0.02087,-0.01908 -0.03126,-0.02858 -0.0104,-0.0095 -0.02086,-0.01908 -0.03126,-0.02858 -0.0104,-0.0095 -0.02087,-0.01908 -0.03126,-0.02858 -0.0104,-0.0095 -0.02087,-0.01908 -0.03126,-0.02858 -0.0104,-0.0095 -0.02086,-0.01908 -0.03126,-0.02858 -0.01039,-0.0095 -0.02087,-0.01908 -0.03126,-0.02858 -0.01039,-0.0095 -0.02086,-0.01908 -0.03126,-0.02858 -0.0104,-0.0095 -0.02087,-0.01908 -0.03126,-0.02858 -0.0104,-0.0095 -0.02086,-0.01908 -0.03126,-0.02858 -0.0104,-0.0095 -0.02087,-0.01908 -0.03126,-0.02858 -0.0104,-0.0095 -0.02087,-0.01908 -0.03126,-0.02858 -0.0104,-0.0095 -0.02087,-0.01908 -0.03126,-0.02858 -0.0104,-0.0095 -0.02087,-0.01908 -0.03126,-0.02858 -0.01039,-0.0095 -0.02087,-0.01908 -0.03126,-0.02858 -0.0104,-0.0095 -0.02087,-0.01908 -0.03126,-0.02858 -0.0104,-0.0095 -0.02087,-0.01908 -0.03126,-0.02858 -0.0104,-0.0095 -0.02087,-0.01908 -0.03126,-0.02858 -0.0104,-0.0095 -0.02087,-0.01908 -0.03126,-0.02858 -0.0104,-0.0095 -0.02087,-0.01908 -0.03126,-0.02858 -0.01039,-0.0095 -0.02087,-0.01908 -0.03126,-0.02858 -0.01039,-0.0095 -0.02087,-0.01908 -0.03126,-0.02858 -0.01039,-0.0095 -0.02087,-0.01908 -0.03126,-0.02858 -0.0104,-0.0095 -0.02087,-0.01908 -0.03126,-0.02858 -0.0104,-0.0095 -0.02086,-0.01908 -0.03126,-0.02858 -0.0104,-0.0095 -0.02087,-0.01908 -0.03126,-0.02858 -0.0104,-0.0095 -0.02086,-0.01908 -0.03126,-0.02858 -0.01039,-0.0095 -0.02087,-0.01908 -0.03126,-0.02858 -0.01039,-0.0095 -0.02087,-0.01908 -0.03126,-0.02858 -0.0104,-0.0095 -0.02087,-0.01908 -0.03126,-0.02858 -0.0104,-0.0095 -0.02087,-0.01908 -0.03126,-0.02858 -0.0104,-0.0095 -0.02087,-0.01908 -0.03126,-0.02858 -0.0104,-0.0095 -0.02087,-0.01908 -0.03126,-0.02858 -0.0104,-0.0095 -0.02087,-0.01908 -0.03126,-0.02858 -0.0104,-0.0095 -0.02087,-0.01908 -0.03126,-0.02858 -0.01039,-0.0095 -0.02087,-0.01908 -0.03126,-0.02858 -0.01039,-0.0095 -0.02087,-0.01908 -0.03126,-0.02858 -0.0104,-0.0095 -0.02087,-0.01908 -0.03126,-0.02858 -0.0104,-0.0095 -0.02087,-0.01908 -0.03126,-0.02858 -0.0104,-0.0095 -0.02087,-0.01908 -0.03126,-0.02858 -0.01039,-0.0095 -0.02087,-0.01908 -0.03126,-0.02858 -0.0104,-0.0095 -0.02086,-0.01908 -0.03126,-0.02858 -0.0104,-0.0095 -0.02087,-0.01908 -0.03126,-0.02858 -0.0104,-0.0095 -0.02086,-0.01908 -0.03126,-0.02858 -0.0104,-0.0095 -0.02087,-0.01908 -0.03126,-0.02858 -0.0104,-0.0095 -0.02087,-0.01908 -0.03126,-0.02858 -0.0104,-0.0095 -0.02087,-0.01908 -0.03126,-0.02858 -0.0104,-0.0095 -0.02086,-0.01908 -0.03126,-0.02858 -0.01039,-0.0095 -0.02087,-0.01908 -0.03126,-0.02858 -0.01039,-0.0095 -0.02087,-0.01908 -0.03126,-0.02858 -0.0104,-0.0095 -0.02087,-0.01908 -0.03126,-0.02858 -0.0104,-0.0095 -0.02087,-0.01908 -0.03126,-0.02858 -0.0104,-0.0095 -0.02087,-0.01908 -0.03126,-0.02858 -0.0104,-0.0095 -0.02087,-0.01908 -0.03126,-0.02858 -0.01039,-0.0095 -0.02087,-0.01908 -0.03126,-0.02858 -0.01039,-0.0095 -0.02087,-0.01908 -0.03126,-0.02858 -0.01039,-0.0095 -0.02087,-0.01908 -0.03126,-0.02858 -0.0104,-0.0095 -0.02087,-0.01908 -0.03126,-0.02858 -0.0104,-0.0095 -0.02087,-0.01908 -0.03126,-0.02858 -0.0104,-0.0095 -0.02087,-0.01908 -0.03126,-0.02858 -0.0104,-0.0095 -0.02086,-0.01908 -0.03126,-0.02858 -0.0104,-0.0095 -0.02087,-0.01908 -0.03126,-0.02858 -0.0104,-0.0095 -0.02087,-0.01908 -0.03126,-0.02858 -0.0104,-0.0095 -0.02087,-0.01908 -0.03126,-0.02858 -0.0104,-0.0095 -0.02086,-0.01908 -0.03126,-0.02858 -0.0104,-0.0095 -0.02087,-0.01908 -0.03126,-0.02858 -0.0104,-0.0095 -0.02087,-0.01908 -0.03126,-0.02858 -0.0104,-0.0095 -0.02087,-0.01908 -0.03126,-0.02858 -0.01039,-0.0095 -0.02087,-0.01908 -0.03126,-0.02858 -0.01039,-0.0095 -0.02087,-0.01908 -0.03126,-0.02858 -0.01039,-0.0095 -0.02087,-0.01908 -0.03126,-0.02858 -0.0104,-0.0095 -0.02087,-0.01908 -0.03126,-0.02858 -0.0104,-0.0095 -0.02087,-0.01908 -0.03126,-0.02858 -0.0104,-0.0095 -0.02087,-0.01908 -0.03126,-0.02858 -0.0104,-0.0095 -0.02087,-0.01908 -0.03126,-0.02858 -0.0104,-0.0095 -0.02087,-0.01908 -0.03126,-0.02858 -0.0104,-0.0095 -0.02087,-0.01908 -0.03126,-0.02858"
       title="exp(-x*x)*sin(12*x)"
       id="path5457" />
  </g>
</svg>
